1 10,512784 -5,892246 35 0,332891
2 10,470427 -0,132884 70 0,809937
3 11,802043 -4,961379 60 0,800844
4 13,733288 -5,089695 54 0,692850
5 10,362541 -2,169187 41 0,988009
6 14,764103 3,128930 35 0,874366
7 13,799786 -9,526361 39 0,821559
8 13,576001 3,934720 82 0,861792
9 12,360357 -1,660928 84 0,828531
10 10,000000 -1,039648 45 0,779519
11 10,697670 -1,238861 93 0,743019
12 11,884231 3,288876 95 0,255665
13 11,109458 0,394337 43 0,081263
14 10,004963 5,353424 66 0,558883
15 10,585458 7,538743 54 0,817755
16 15,426274 6,803538 78 0,862059
17 15,760497 7,046851 83 0,591171
18 11,517340 3,422398 21 0,231890
19 11,115594 8,110515 13 0,262912
20 10,000000 -2,246725 3 0,394086
21 10,084635 -3,909479 26 0,896345
22 10,157226 -0,578930 79 0,193219
23 11,218603 -1,601474 85 0,957167
24 11,538940 -4,703929 10 0,870966
25 12,367541 -9,731766 47 0,096338
26 11,004309 -2,139965 87 0,636056
27 15,042506 9,567198 40 0,378540
28 15,147231 -2,728572 13 0,185399
29 13,313834 -0,112802 62 0,449555
30 10,000000 7,984705 29 0,765279
31 10,244537 2,117994 40 0,809604
32 11,430457 9,249350 60 0,320246
33 11,744443 -5,983488 25 0,147177
34 13,935949 8,963674 31 0,133867
35 11,146009 -4,667453 81 0,065942
36 12,059379 -1,691188 25 0,987796
37 13,949236 -4,711854 32 0,334071
38 15,168552 -2,028355 49 0,147595
39 12,043637 -3,935416 78 0,796020
40 10,000000 5,381747 73 0,843353
41 10,627325 -1,159867 17 0,674636
42 10,477725 1,591727 91 0,845140
43 12,714605 2,345820 88 0,584966
44 11,676936 3,631181 5 0,966705
45 13,187494 0,646700 27 0,820913
46 14,467229 2,206206 97 0,360788
47 16,455503 -2,933429 65 0,859585
48 17,453094 -7,818745 18 0,702389
49 18,710207 9,081187 92 0,243631
50 10,000000 -4,172023 22 0,824464
51 10,138868 4,794065 64 0,735119
52 11,869918 -2,038506 34 0,942052
53 12,041389 7,948555 95 0,480315
54 13,556133 0,619413 78 0,830436
55 10,612412 -2,036501 1 0,123071
56 14,710907 5,284141 99 0,555538
57 13,616964 3,487068 52 0,868905
58 14,163838 -8,438380 15 0,414900
59 15,183618 -0,730413 29 0,400318
60 10,000000 -1,704414 94 0,514786
61 10,799841 -6,757155 63 0,935538
62 10,606831 -2,277452 62 0,799053
63 11,490111 6,838064 55 0,848926
64 13,619067 -0,677651 8 0,685940
65 12,886110 4,723513 96 0,440610
66 12,543685 -3,387666 56 0,975236
67 10,625993 4,092928 29 0,648646
68 16,995249 -6,502424 24 0,717162
69 14,311569 6,982608 49 0,541817
70 10,000000 -6,568691 92 0,708230
71 10,258503 -6,730361 51 0,035015
72 10,687226 -7,528046 41 0,645965
73 12,502907 1,606787 39 0,974666
74 10,715933 -9,229647 28 0,282621
75 14,220307 -8,942407 21 0,029147
76 14,311328 6,487381 95 0,061121
77 13,627341 0,992764 55 0,682547
78 13,800057 1,612540 56 0,613018
79 11,669440 7,375462 69 0,964358
80 10,000000 2,063877 42 0,947583
81 10,008892 3,517272 8 0,036738
82 11,093091 1,344205 30 0,331414
83 11,513012 -1,033986 67 0,552478
84 11,363979 2,899115 3 0,832774
85 14,409943 -3,384207 94 0,992987
86 11,032194 4,885639 76 0,531502
87 13,584604 3,206225 65 0,981291
88 14,298452 -6,378023 60 0,950058
89 17,987107 1,476292 6 0,041233
90 10,000000 -4,093574 67 0,761692
91 10,443321 3,814567 28 0,155643
92 10,970025 -7,469433 38 0,798358
93 10,697956 5,792304 18 0,158662
94 12,669651 5,245891 50 0,067032
95 14,380440 8,238659 86 0,689339
96 10,282673 -8,427475 18 0,460422
97 12,598041 -5,237499 49 0,697964
98 14,670230 -5,099795 41 0,757392
99 15,168566 0,348676 78 0,233332
100 10,000000 4,220367 78 0,148172
101 10,588840 3,415732 74 0,991315
102 10,835475 -2,012840 68 0,668955
103 11,875543 -4,741593 37 0,657678
104 11,078715 7,622999 78 0,770224
105 14,191294 -4,286276 25 0,669225
106 14,289006 -9,382413 87 0,954191
107 11,137118 3,947389 94 0,069308
108 11,583140 0,980822 26 0,509887
109 13,927593 -4,742572 79 0,259680
110 10,000000 1,186500 51 0,519704
111 10,384153 -8,147665 25 0,583426
112 11,341302 -7,562977 98 0,903783
113 11,445351 8,504638 52 0,508760
114 12,917538 9,782504 75 0,691213
115 13,391566 -9,589967 70 0,721044
116 14,609150 0,280844 17 0,211244
117 15,031146 -8,909561 37 0,245485
118 16,401069 -5,326582 53 0,251972
119 17,624722 6,030155 33 0,686092
120 10,000000 7,736194 32 0,748694
121 10,370869 -9,789759 67 0,181667
122 11,756995 -5,430423 73 0,828329
123 11,280997 -5,794128 67 0,099278
124 10,436235 -5,685219 96 0,664562
125 12,280355 -2,652700 30 0,207061
126 11,159538 0,941684 8 0,509234
127 12,042604 -5,828939 31 0,908387
128 15,803337 9,338431 86 0,478592
129 17,114799 4,359578 11 0,910589
130 10,000000 1,362261 81 0,332270
131 10,329422 3,110966 11 0,641380
132 11,193149 6,909383 79 0,781577
133 10,848594 7,729208 21 0,863522
134 13,720811 -4,128285 61 0,766207
135 11,559321 9,541812 2 0,264164
136 14,338986 6,896399 3 0,261181
137 16,569517 8,453717 0 0,758532
138 11,619513 7,901599 25 0,909963
139 17,575440 -1,105310 21 0,103400
140 10,000000 -2,587493 20 0,707043
141 10,951452 -6,359055 99 0,661976
142 11,811186 9,416739 59 0,822936
143 12,211332 6,058528 19 0,409651
144 10,292349 3,228478 54 0,671302
145 11,505724 -2,433492 44 0,242489
146 15,957608 -2,300530 61 0,136443
147 14,047665 -0,168307 78 0,590400
148 14,679083 7,473627 20 0,883155
149 17,447684 -0,841996 6 0,958328
150 10,000000 5,566099 38 0,976966
151 10,644712 -7,234796 61 0,218204
152 10,108284 -4,861386 70 0,499317
153 12,977237 -3,833816 95 0,374569
154 10,847784 -4,312106 63 0,787406
155 13,757123 1,303316 53 0,008146
156 15,174650 4,067560 66 0,524215
157 14,195128 7,439335 89 0,329170
158 17,063734 -3,065810 28 0,062671
159 16,983783 -0,322247 51 0,811682
160 10,000000 -1,499662 89 0,759336
161 10,020357 9,690404 42 0,848602
162 11,214845 1,048609 93 0,442883
163 10,175049 5,615797 93 0,651450
164 12,796505 1,429274 20 0,992130
165 14,187183 7,081225 5 0,037951
166 14,144212 -7,766275 84 0,325117
167 13,829405 5,193168 96 0,143139
168 15,951358 3,134133 94 0,659845
169 17,606858 -3,823146 44 0,630261
170 10,000000 2,014791 14 0,878749
171 10,129188 1,400862 46 0,645464
172 10,251798 5,759026 29 0,318177
173 12,028541 7,864801 76 0,202965
174 11,815558 -5,322885 22 0,467903
175 10,936838 9,189150 68 0,835876
176 14,484456 7,636204 1 0,101015
177 14,977995 -3,603939 71 0,967513
178 13,664152 3,159441 26 0,306678
179 10,962050 -3,422414 38 0,425895
180 10,000000 -0,376520 97 0,215134
181 10,739292 -4,318279 39 0,457924
182 10,146416 6,009984 65 0,180240
183 11,058381 -5,759617 65 0,563016
184 10,044131 -9,179329 24 0,908524
185 10,354241 8,452620 57 0,815746
186 13,514979 8,282619 49 0,160913
187 12,451695 6,842682 7 0,382663
188 14,006099 7,919887 48 0,366241
189 14,545671 -3,870375 46 0,857766
190 10,000000 4,415919 55 0,008119
191 10,843117 0,053339 10 0,799576
192 11,259289 4,816053 81 0,502937
193 12,932650 9,715528 92 0,868226
194 11,099663 1,482370 77 0,861597
195 13,219993 -5,980337 22 0,198675
196 11,246050 4,086785 40 0,563590
197 14,166473 -4,649060 77 0,463013
198 13,966256 -5,058232 39 0,587722
199 17,235612 3,272373 68 0,295674
200 10,000000 5,110854 21 0,036729
201 10,593684 -4,792100 52 0,797559
202 10,281495 -4,658165 1 0,809655
203 11,980992 -4,664385 75 0,291418
204 10,817049 3,936100 12 0,398433
205 14,903700 5,145707 28 0,435406
206 10,007971 -1,622071 18 0,006297
207 10,093133 6,235559 19 0,104792
208 16,353886 4,971962 41 0,207782
209 18,626529 -2,769173 21 0,947629
210 10,000000 8,387699 56 0,787152
211 10,744661 5,807565 31 0,109782
212 11,357896 -4,952058 28 0,679516
213 12,478346 -2,778929 39 0,595738
214 12,450751 8,688233 32 0,396548
215 12,706032 -5,940442 52 0,455170
216 14,000023 -4,336546 96 0,978697
217 16,081859 -3,984300 62 0,568033
218 11,738682 -5,927228 44 0,949730
219 13,573329 -8,591248 31 0,851989
220 10,000000 2,110766 30 0,572953
221 10,638530 8,647160 69 0,231664
222 11,621016 -9,880816 43 0,805173
223 10,685043 -0,391423 4 0,175232
224 12,123549 9,772356 83 0,295507
225 10,789405 5,593835 71 0,754291
226 11,970504 -9,491808 40 0,704186
227 10,606711 0,548365 97 0,452753
228 13,189841 -7,093980 35 0,618257
229 14,992883 -2,828930 11 0,498992
230 10,000000 3,028464 76 0,904465
231 10,055299 0,453232 61 0,775551
232 11,471701 2,701746 30 0,607414
233 12,418960 2,841778 96 0,547199
234 10,477410 -5,981655 88 0,964458
235 11,363461 5,636589 34 0,438758
236 14,394818 5,827761 33 0,280059
237 16,871177 0,997729 44 0,034321
238 13,170870 2,257800 94 0,238007
239 15,119993 0,850955 27 0,650218
240 10,000000 7,020566 68 0,540898
241 10,188239 0,805193 91 0,153426
242 11,238518 0,314292 11 0,573204
243 12,124514 5,120106 83 0,471267
244 11,879476 7,894159 27 0,543645
245 12,041631 -7,021565 30 0,390103
246 11,560598 3,535386 54 0,407279
247 10,669594 5,080332 35 0,189573
248 13,245717 -4,136643 3 0,477081
249 13,070790 9,923771 57 0,977036
250 10,000000 4,679131 64 0,063884
251 10,277471 9,361452 95 0,083167
252 11,439065 -7,850795 21 0,254861
253 10,093903 -6,145107 50 0,615073
254 10,859448 1,928282 22 0,915576
255 12,522831 6,137547 4 0,894108
256 11,043365 -5,047933 78 0,020457
257 13,188569 2,674126 59 0,097888
258 15,754033 7,031385 75 0,419674
259 16,825737 1,098931 62 0,274950
260 10,000000 -4,830657 26 0,441035
261 10,870328 3,288609 22 0,733697
262 10,434135 -8,224687 14 0,288972
263 12,346366 -4,146106 1 0,845964
264 11,341751 8,065986 55 0,430153
265 14,010810 -1,582822 81 0,997907
266 12,497455 9,080163 28 0,060765
267 10,078734 2,962062 74 0,260154
268 10,109695 -0,918854 69 0,729474
269 12,840986 0,862535 69 0,027671
270 10,000000 -0,183841 42 0,591099
271 10,652778 8,919115 27 0,129786
272 11,482254 7,914765 79 0,011579
273 10,186067 -4,118951 89 0,720014
274 12,716111 -0,991517 72 0,960508
275 10,876911 0,630805 16 0,745464
276 12,544931 -1,937412 49 0,203700
277 13,652802 2,073881 99 0,890690
278 17,671003 2,392515 59 0,539375
279 18,243943 4,096047 34 0,998803
280 10,000000 -6,626633 85 0,236906
281 10,480831 0,730050 27 0,247030
282 11,906653 -5,781165 41 0,553606
283 11,508490 0,715121 63 0,694184
284 13,429502 -3,258170 73 0,605011
285 13,803614 6,544050 77 0,614606
286 12,613896 -6,367692 82 0,114839
287 10,549582 1,087932 39 0,754845
288 11,730598 4,916735 12 0,977000
289 14,096728 5,064823 93 0,709181
290 10,000000 -5,352315 65 0,955951
291 10,473777 7,294677 73 0,554004
292 10,213112 7,223890 40 0,698035
293 12,284975 7,253673 22 0,770760
294 12,475655 4,438156 85 0,836114
295 11,182156 -8,929569 34 0,452640
296 14,166168 2,845848 45 0,685504
297 10,379139 -5,531710 51 0,068832
298 11,083881 8,003282 40 0,965950
299 17,426285 0,296787 12 0,430964
300 10,000000 2,666930 31 0,873879
301 10,199605 0,567768 49 0,874700
302 11,982344 1,886368 59 0,740066
303 10,019043 2,826237 48 0,649032
304 11,896202 7,525741 91 0,677478
305 12,996096 6,356551 42 0,189913
306 15,506443 4,003822 95 0,361082
307 10,539328 -7,496009 81 0,661254
308 17,418548 8,396332 71 0,663064
309 17,610026 7,148065 40 0,765641
310 10,000000 5,303003 91 0,577536
311 10,618332 -5,279078 57 0,496925
312 11,945707 -2,640027 86 0,790536
313 12,286841 0,913415 12 0,677010
314 10,721104 -2,709384 50 0,141156
315 10,324856 9,970917 77 0,670935
316 13,993216 6,486122 88 0,772854
317 13,249433 3,556566 42 0,593946
318 14,767444 -1,181419 65 0,792133
319 10,591589 -4,565560 37 0,531560
320 10,000000 -1,395043 28 0,705677
321 10,697141 -7,218213 80 0,565374
322 10,680005 8,163631 12 0,601171
323 12,630988 2,993382 75 0,920941
324 12,937111 -3,446285 94 0,549698
325 11,670422 -6,563536 34 0,490587
326 12,336061 0,613267 10 0,503351
327 13,204370 -6,586478 53 0,513354
328 11,655270 1,381422 20 0,037993
329 14,446742 7,954664 37 0,858178
330 10,000000 6,634385 46 0,441875
331 10,455848 -8,489048 67 0,110646
332 11,349183 -5,794635 75 0,397392
333 10,822812 -4,386454 13 0,891926
334 11,503767 6,349468 51 0,962364
335 12,203007 -3,564079 2 0,676888
336 12,688087 -1,630763 18 0,984228
337 15,184075 -4,046989 23 0,041105
338 12,629897 8,513846 20 0,545077
339 18,591353 -0,062532 79 0,658049
340 10,000000 -0,863910 95 0,655217
341 10,289097 -5,706739 4 0,111345
342 11,924168 -1,551054 42 0,789696
343 12,223216 8,478304 3 0,689719
344 11,155790 6,675701 82 0,834646
345 10,914859 2,397332 75 0,056902
346 14,721461 2,350649 80 0,553439
347 15,128760 1,902327 11 0,788085
348 17,660685 7,329278 84 0,757654
349 13,498867 3,735648 40 0,086171
350 10,000000 3,906702 86 0,738472
351 10,544461 1,255335 50 0,547543
352 10,662129 -0,753686 29 0,020923
353 11,243639 -8,525719 97 0,793835
354 11,040918 3,007586 46 0,000939
355 13,227885 -4,751409 67 0,342795
356 10,289972 -3,882439 99 0,158458
357 15,660879 6,372369 56 0,283977
358 12,204937 -8,755934 7 0,755348
359 14,893168 -7,651721 78 0,523858
360 10,000000 -0,059043 24 0,579808
361 10,165046 1,569191 76 0,931998
362 10,990170 -8,487988 14 0,440394
363 10,050147 1,872263 35 0,678079
364 10,234615 -2,942034 38 0,506714
365 13,671620 9,287086 18 0,526792
366 10,310213 1,988546 12 0,733238
367 10,644054 0,767262 17 0,152593
368 10,029746 6,027314 69 0,964026
369 11,211350 0,479909 3 0,000227
370 10,000000 -8,461598 50 0,808352
371 10,384417 -4,399618 60 0,731470
372 10,172551 9,640744 28 0,911158
373 12,221332 9,312518 39 0,984887
374 12,003716 -6,271826 53 0,565793
375 14,774159 -5,907943 13 0,051304
376 11,934067 -6,652728 61 0,027432
377 12,814671 -0,853106 96 0,723927
378 12,479326 -9,520965 70 0,155389
379 17,104890 4,293828 48 0,533846
380 10,000000 -1,207300 37 0,821413
381 10,475706 1,704462 97 0,803731
382 10,191633 -9,676757 93 0,923163
383 12,065190 9,012103 53 0,190367
384 12,958075 -7,209059 61 0,750658
385 11,218744 4,729041 67 0,190376
386 10,540076 -2,468632 7 0,851269
387 10,071982 9,724046 33 0,095229
388 11,831314 0,952248 16 0,090934
389 15,964304 -8,564830 31 0,758384
390 10,000000 -9,731539 50 0,571886
391 10,674139 -0,862809 65 0,980214
392 11,533101 1,966841 81 0,856527
393 12,165269 5,124213 39 0,023127
394 11,150782 2,578352 86 0,449633
395 13,819752 0,511154 8 0,720792
396 11,712095 -2,815199 3 0,166329
397 11,700957 9,605453 62 0,978977
398 14,602140 -3,516270 85 0,058811
399 12,765093 0,376083 12 0,283997
400 10,000000 -6,914273 60 0,891235
401 10,646474 -2,321965 55 0,640935
402 11,787657 -2,139408 42 0,565825
403 11,405677 -0,475791 70 0,407922
404 11,662211 -2,626441 75 0,071366
405 12,369739 0,306940 13 0,159137
406 10,249545 -0,028093 87 0,169808
407 15,433991 4,981062 87 0,167181
408 11,200623 -2,920614 87 0,617854
409 14,294337 4,844001 24 0,779128
410 10,000000 9,536907 50 0,384152
411 10,712563 7,632649 81 0,038658
412 10,036024 -3,037892 70 0,921341
413 12,941429 5,472939 68 0,746086
414 13,203617 -4,182954 87 0,758556
415 11,391975 0,532241 24 0,868400
416 13,120973 4,854711 22 0,682914
417 12,849490 -1,047521 59 0,772687
418 11,144872 -1,797491 92 0,767329
419 10,823763 0,561239 94 0,614071
420 10,000000 -2,958304 80 0,114649
421 10,179919 -3,161608 99 0,416847
422 11,447275 -7,093197 29 0,319043
423 11,169305 -0,313809 21 0,117530
424 12,404874 9,337191 38 0,474875
425 11,391822 7,015755 55 0,640294
426 10,004238 6,281660 8 0,391055
427 13,912826 4,839125 79 0,778095
428 12,385281 -0,232577 35 0,103237
429 11,187992 5,086434 19 0,669357
430 10,000000 -1,452188 33 0,047473
431 10,656781 0,439282 56 0,537276
432 10,241872 -3,413075 74 0,895031
433 10,269493 4,640756 90 0,767418
434 13,862000 -4,065650 8 0,870609
435 14,459093 2,446877 69 0,348078
436 11,246510 4,154020 19 0,742287
437 15,028706 -3,408909 77 0,600507
438 12,559481 -4,196969 67 0,105096
439 12,573096 -5,043148 45 0,443668
440 10,000000 0,774132 28 0,406913
441 10,698130 -4,359355 75 0,964043
442 10,684564 -6,285846 73 0,484034
443 10,881528 -8,246326 69 0,507776
444 10,282614 -7,756725 31 0,661853
445 10,638257 7,872720 49 0,904995
446 14,522708 4,915163 46 0,353058
447 10,651422 7,695166 37 0,908722
448 12,023271 6,180058 58 0,219490
449 17,814709 -9,168990 37 0,868935
450 10,000000 -2,312857 41 0,827967
451 10,552184 4,700090 25 0,725754
452 11,584472 -7,548431 83 0,889289
453 12,734375 6,964772 88 0,809566
454 11,927482 -9,409516 34 0,983664
455 13,120487 -9,406148 11 0,465110
456 11,771267 9,643076 13 0,792513
457 10,727972 5,765886 91 0,087371
458 12,103447 9,069301 92 0,567308
459 14,699919 6,920199 86 0,338122
460 10,000000 -4,402584 69 0,081209
461 10,386626 9,347536 48 0,056623
462 11,260496 4,202492 27 0,219537
463 11,732632 -5,457692 65 0,318057
464 12,911926 8,998683 61 0,029071
465 13,404924 -7,186601 57 0,083067
466 15,565624 3,662639 23 0,358926
467 10,316754 8,609999 83 0,079275
468 13,616613 -0,324714 9 0,197351
469 17,966913 -6,063475 81 0,169360
470 10,000000 -5,865004 99 0,592989
471 10,349594 -7,875632 7 0,383753
472 11,724800 -2,933979 91 0,540948
473 10,058196 7,990340 4 0,697544
474 12,785799 -1,532219 26 0,042242
475 13,507276 9,437461 28 0,657760
476 12,499723 -8,116610 25 0,266092
477 12,107673 1,820212 89 0,067465
478 17,430997 -1,480592 84 0,252439
479 16,104225 6,821260 89 0,896450
480 10,000000 -3,387588 71 0,236637
481 10,960844 7,369506 56 0,241504
482 10,396645 -4,176482 86 0,296018
483 10,200339 -9,347246 14 0,756653
484 10,133395 0,729538 6 0,052480
485 12,732641 -2,976155 66 0,658143
486 10,656736 -7,468851 40 0,271103
487 16,927455 8,403703 7 0,718002
488 15,067818 9,481364 13 0,189857
489 15,993395 -8,356800 20 0,392788
490 10,000000 1,271414 88 0,160848
491 10,378271 -8,204491 12 0,588775
492 11,680002 7,230572 98 0,944585
493 12,747876 4,533112 12 0,301563
494 12,076360 -2,804754 96 0,055188
495 10,721270 3,169762 83 0,843945
496 10,935779 -7,301645 72 0,298194
497 15,011540 -9,429226 99 0,644302
498 12,826912 -7,933726 56 0,120807
499 16,444701 8,009249 2 0,356808
500 10,000000 -7,712731 36 0,222527
501 10,956947 -3,856559 96 0,043071
502 11,990011 8,311349 99 0,664687
503 12,532854 0,985842 16 0,929345
504 13,912902 -4,127352 66 0,636977
505 12,945911 1,557662 95 0,772825
506 15,499317 0,850885 79 0,825396
507 16,883725 -3,038607 98 0,656878
508 11,994591 -2,741954 59 0,066988
509 12,423486 9,407775 46 0,216357
510 10,000000 -7,356456 0 0,169414
511 10,995468 -1,235976 3 0,955473
512 10,011175 -2,407734 58 0,652781
513 12,965543 8,507870 81 0,745909
514 12,268500 -6,513871 22 0,014389
515 10,535610 -8,269458 18 0,021346
516 15,759895 6,571184 76 0,200113
517 14,853899 -0,962331 81 0,452472
518 11,097791 3,930530 40 0,066260
519 17,361007 2,059680 25 0,424957
520 10,000000 3,763195 81 0,423932
521 10,520452 8,361425 37 0,649102
522 11,054533 1,375205 78 0,783348
523 12,977587 -2,238994 2 0,422574
524 13,067693 4,906689 12 0,931599
525 13,041366 -6,430391 41 0,278987
526 14,810974 -6,443176 37 0,280701
527 13,288908 -7,100878 2 0,708455
528 14,432887 -2,027254 82 0,142161
529 18,729870 3,372807 49 0,599555
530 10,000000 -3,156629 98 0,996566
531 10,844008 8,097846 13 0,654134
532 11,733791 -2,954660 12 0,606399
533 11,607209 2,940466 74 0,361754
534 10,027038 9,885876 9 0,366426
535 11,936773 2,747803 37 0,369940
536 14,224421 2,960971 15 0,740063
537 16,137206 -2,794075 97 0,214551
538 10,724465 -4,767739 97 0,416833
539 14,610066 1,603950 99 0,069409
540 10,000000 5,923852 22 0,017850
541 10,945724 -5,176964 97 0,028644
542 10,009538 -3,708913 66 0,201508
543 11,347612 4,705376 49 0,470582
544 12,137563 3,162869 79 0,203271
545 11,494963 2,315743 43 0,024848
546 11,302074 9,340480 78 0,977930
547 13,810194 -6,276016 67 0,189761
548 14,456081 3,751505 34 0,261184
549 10,635494 9,154664 13 0,020292
550 10,000000 -9,169085 60 0,757884
551 10,453270 -1,435311 68 0,992792
552 11,955753 -8,961923 62 0,564251
553 11,653963 4,856157 91 0,262724
554 10,578178 -9,310136 74 0,575890
555 12,995695 8,598295 90 0,195421
556 12,560840 2,234996 58 0,757229
557 14,701048 -8,751057 33 0,437323
558 16,182326 0,299368 27 0,392951
559 12,112418 6,297594 81 0,636357
560 10,000000 -5,466376 61 0,876415
561 10,320036 1,498305 62 0,713412
562 10,823003 7,819420 74 0,799063
563 12,531877 -5,056829 44 0,281984
564 10,190980 -8,975334 50 0,774784
565 10,260287 -5,787445 95 0,596637
566 15,854159 8,043387 22 0,577930
567 10,490112 3,831208 34 0,317684
568 12,030149 -0,470773 48 0,612712
569 18,074844 0,062972 74 0,796159
570 10,000000 -5,593368 7 0,154683
571 10,871357 -3,897898 88 0,303855
572 10,606648 8,436670 5 0,722488
573 10,553992 -8,903676 46 0,971328
574 13,613221 -1,526258 14 0,037204
575 13,965643 7,654055 97 0,751021
576 14,672967 -0,506465 50 0,922156
577 12,309580 2,765325 54 0,737429
578 11,392942 9,488471 69 0,581084
579 15,104617 7,036000 63 0,033247
580 10,000000 -4,677931 91 0,767178
581 10,608108 6,291581 78 0,569391
582 10,501763 1,606235 10 0,926169
583 10,902767 -8,157698 6 0,507161
584 10,778395 4,833606 25 0,010731
585 10,279740 7,139717 41 0,613798
586 13,706347 8,402110 70 0,359930
587 11,542978 7,758594 59 0,739262
588 15,817977 1,645203 25 0,965588
589 16,833881 4,139994 58 0,005855
590 10,000000 -1,744842 60 0,922199
591 10,844901 -7,477910 33 0,930420
592 10,773140 6,548839 63 0,589880
593 10,268545 5,356851 51 0,175906
594 12,361235 6,287981 36 0,961745
595 14,975920 -6,163488 28 0,636377
596 10,532938 5,900156 33 0,069874
597 14,435118 0,557027 47 0,141094
598 15,994326 0,661114 27 0,944145
599 16,251290 2,584702 87 0,248845
600 10,000000 -7,195540 11 0,856301
601 10,034025 -2,334902 77 0,717323
602 11,073847 6,095499 18 0,870732
603 12,047669 -9,938163 32 0,065060
604 12,233607 9,935478 13 0,484858
605 10,558957 -9,323771 85 0,495015
606 15,127954 -5,629542 96 0,650370
607 12,906610 9,647166 92 0,135435
608 17,241773 2,918591 55 0,831004
609 11,149888 0,082331 92 0,823535
610 10,000000 0,004405 68 0,041318
611 10,417101 -6,731789 78 0,049538
612 11,093860 6,073778 27 0,515976
613 12,876519 -7,896408 76 0,702465
614 11,029883 -4,906222 60 0,893626
615 10,642232 4,801580 49 0,869734
616 14,815842 -8,989185 24 0,093638
617 11,254331 0,234137 84 0,626240
618 11,297805 -2,977648 11 0,339056
619 16,999277 4,499821 45 0,128657
620 10,000000 -0,395822 16 0,051837
621 10,381240 9,328235 99 0,049628
622 11,571010 -0,944017 42 0,933157
623 12,157495 8,622321 22 0,109562
624 13,129581 1,189083 30 0,999790
625 13,079896 -1,621186 59 0,196968
626 15,048641 0,242012 48 0,112465
627 12,777686 -0,644075 16 0,075545
628 11,387609 7,792054 42 0,173912
629 11,208051 -9,832285 15 0,624338
630 10,000000 7,010735 91 0,420247
631 10,015675 4,200995 83 0,111700
632 11,105410 7,655684 81 0,364540
633 12,877413 3,179098 15 0,941563
634 13,500612 -5,161370 2 0,930064
635 14,375130 8,321805 76 0,310231
636 11,073980 6,491858 28 0,878254
637 13,431460 9,833293 94 0,825142
638 13,100615 0,627112 9 0,982967
639 14,516596 -5,345161 2 0,038223
640 10,000000 6,491938 45 0,334742
641 10,839050 -6,324930 66 0,303361
642 10,102026 -7,638371 15 0,498335
643 11,317759 -3,739640 98 0,466631
644 10,405884 -2,734737 71 0,130297
645 14,601385 2,282514 99 0,904642
646 15,243937 5,366528 72 0,639235
647 10,850748 -5,394988 70 0,751774
648 11,641937 1,135145 60 0,755562
649 11,753352 -9,817735 12 0,747932
650 10,000000 8,221487 84 0,851517
651 10,393462 1,976804 76 0,701257
652 11,300896 1,598243 48 0,853641
653 10,298162 1,983480 47 0,872008
654 10,552276 6,253134 72 0,264343
655 11,024833 1,547033 72 0,238418
656 10,989152 0,690264 56 0,763545
657 13,789567 -2,516510 19 0,886038
658 15,484208 7,495811 17 0,073087
659 18,908100 4,882233 8 0,925760
660 10,000000 -5,622866 16 0,177398
661 10,823274 2,047250 29 0,447767
662 11,887937 -7,898970 38 0,929941
663 11,455761 -6,163628 91 0,500812
664 10,426709 9,222665 74 0,608966
665 10,753701 -6,297567 47 0,694022
666 15,650714 -0,723845 71 0,071482
667 16,270598 6,270093 10 0,208874
668 13,513069 6,225105 93 0,334017
669 15,593669 -3,108181 6 0,850866
670 10,000000 9,796814 19 0,116037
671 10,580592 7,188019 98 0,437304
672 10,614089 5,057241 6 0,824528
673 12,023881 -2,358358 6 0,112097
674 10,495613 -8,250211 78 0,289070
675 14,751249 7,582871 65 0,125571
676 10,433502 -6,383097 66 0,010669
677 11,863337 -0,816855 91 0,003655
678 14,762793 -6,853873 77 0,575884
679 11,741609 -8,860413 12 0,864132
680 10,000000 -8,136960 33 0,815428
681 10,134629 -3,862999 76 0,841073
682 11,056431 -0,941689 31 0,673538
683 11,155141 -2,715389 61 0,832192
684 13,364472 -3,118898 71 0,712142
685 10,046466 1,755755 44 0,264888
686 12,337181 -9,421973 38 0,005708
687 14,363532 0,853348 86 0,448296
688 15,012629 7,931510 14 0,747603
689 12,924139 -8,874635 67 0,916829
690 10,000000 -3,302405 87 0,784871
691 10,145223 1,568132 93 0,116070
692 10,945076 -0,734463 83 0,791828
693 10,704283 -4,452533 82 0,043968
694 10,386859 -7,338846 24 0,637038
695 10,008339 -2,066674 71 0,897728
696 10,854974 6,560332 50 0,256461
697 13,561210 -6,358469 70 0,619395
698 15,144058 -5,178702 72 0,548720
699 13,254126 -7,885881 8 0,606626
700 10,000000 5,182967 61 0,249782
701 10,282074 -5,710191 63 0,611601
702 11,479958 -6,079155 88 0,428979
703 12,826683 -3,390622 10 0,303283
704 13,635141 8,833748 5 0,987663
705 14,231609 8,855267 96 0,469771
706 11,604561 -1,717278 68 0,898461
707 12,955378 -3,517472 62 0,742133
708 17,229470 -7,429535 69 0,182937
709 14,397064 -4,222264 48 0,102669
710 10,000000 -6,143531 75 0,691081
711 10,048777 -1,309012 49 0,043638
712 11,784942 0,344171 87 0,314528
713 10,795712 2,528655 12 0,482685
714 11,346640 8,597567 9 0,373415
715 12,248148 3,455017 59 0,962354
716 10,177234 2,987389 36 0,902476
717 10,044061 7,999302 5 0,106564
718 12,588202 9,343444 13 0,714548
719 18,485192 -7,880752 45 0,149555
720 10,000000 -4,471203 12 0,753402
721 10,478674 -5,081492 78 0,477246
722 11,375724 -3,767303 0 0,659639
723 10,957433 -3,239561 82 0,941941
724 12,875915 -6,356773 60 0,206965
725 13,384731 6,237932 18 0,358370
726 10,088273 -5,235462 69 0,330309
727 11,137674 3,746310 7 0,478075
728 13,173030 7,298809 81 0,618811
729 15,110905 -6,831797 39 0,100008
730 10,000000 -8,276264 29 0,072420
731 10,651918 6,103659 42 0,492998
732 11,784302 7,988007 70 0,117258
733 10,583136 4,467022 66 0,881217
734 10,272179 7,250209 67 0,247097
735 12,206915 -2,852646 36 0,470030
736 11,417242 -4,482274 57 0,324524
737 16,834391 7,627741 23 0,286245
738 17,841556 -8,903041 94 0,086012
739 14,348341 -5,718727 58 0,047421
740 10,000000 5,814379 39 0,540293
741 10,949652 0,938581 83 0,485772
742 11,619000 -7,682094 99 0,550956
743 11,500474 -9,179088 83 0,655904
744 13,829485 5,639282 62 0,444601
745 14,562455 1,310428 85 0,175275
746 10,897021 4,918609 10 0,216392
747 13,784682 3,406084 95 0,380600
748 14,321186 -9,988156 64 0,833812
749 13,033161 -6,175303 6 0,807260
750 10,000000 -0,014592 43 0,869696
751 10,581824 1,059169 89 0,435382
752 11,768728 8,444201 78 0,200313
753 10,077506 -5,160916 80 0,004464
754 13,666391 1,017386 10 0,856720
755 11,368302 1,875458 31 0,457802
756 11,683817 -4,819930 34 0,092635
757 16,313730 -1,897403 17 0,053567
758 10,591221 -6,906580 9 0,421622
759 14,693524 7,070626 87 0,985066
760 10,000000 -6,680923 75 0,434290
761 10,808449 -8,245805 31 0,234067
762 10,576352 -1,476428 44 0,052904
763 12,831863 6,706990 74 0,973027
764 10,595141 3,249592 16 0,169530
765 12,668275 9,581165 40 0,349898
766 10,526762 -1,892180 44 0,477437
767 11,233611 -6,386687 13 0,446657
768 10,180813 -9,100470 31 0,372533
769 14,313944 0,951006 64 0,101377
770 10,000000 5,340870 31 0,688123
771 10,233974 3,228143 80 0,307367
772 10,977493 3,074624 56 0,979843
773 12,832675 -3,951261 86 0,996117
774 10,623534 -5,917905 67 0,667537
775 12,700867 8,447513 95 0,814534
776 15,391342 6,153660 69 0,557923
777 10,934986 -5,717974 63 0,967656
778 14,926279 -7,485307 45 0,120322
779 18,421737 5,844872 23 0,259849
780 10,000000 -5,345891 26 0,518928
781 10,936020 8,979103 99 0,102308
782 11,033573 -2,254325 14 0,064001
783 12,522061 -1,657272 90 0,176975
784 13,576183 -9,889223 99 0,265624
785 13,407494 8,005992 19 0,205159
786 10,167282 7,183316 74 0,985679
787 12,551697 -0,272530 44 0,998502
788 15,034227 -5,796459 58 0,245062
789 13,920523 2,064584 12 0,936284
790 10,000000 1,843990 81 0,057369
791 10,349061 -1,825578 90 0,169409
792 11,653382 7,444256 15 0,481278
793 11,694269 -3,216146 29 0,974049
794 12,352342 0,895945 3 0,643725
795 10,941800 -6,259835 38 0,242831
796 13,323998 3,741500 62 0,047907
797 16,786890 -4,947798 87 0,903650
798 10,463444 -0,108695 39 0,732900
799 14,923378 2,821839 84 0,670907
800 10,000000 7,996293 20 0,137160
801 10,417058 -1,683139 51 0,060325
802 10,734003 -7,945583 72 0,596216
803 11,144863 -0,195685 48 0,721138
804 11,083828 8,171254 81 0,933708
805 10,859664 -7,059130 90 0,386723
806 14,142710 3,407458 9 0,729313
807 14,663345 -8,871027 24 0,916734
808 15,252783 3,086236 82 0,759450
809 16,630535 5,491386 65 0,985920
810 10,000000 -9,917104 99 0,162099
811 10,995822 -6,876722 61 0,447093
812 10,222351 -5,970839 75 0,813315
813 10,142747 1,554646 96 0,692991
814 13,066026 7,494853 33 0,435079
815 12,309317 -4,883422 76 0,310132
816 12,693840 2,073064 97 0,981553
817 11,793856 -8,960368 92 0,860903
818 10,139415 4,652605 35 0,734830
819 13,556115 1,310346 58 0,329669
820 10,000000 7,138055 15 0,377732
821 10,067346 -9,160912 5 0,107008
822 11,885048 7,272171 64 0,843158
823 11,191177 -4,066163 81 0,295627
824 12,375705 1,146514 87 0,523906
825 10,155849 7,244924 14 0,925257
826 11,560498 5,886257 31 0,085992
827 13,687862 -1,550590 33 0,069067
828 10,336923 1,345164 52 0,988285
829 16,687368 6,934792 36 0,501467
830 10,000000 -8,783559 60 0,444638
831 10,193662 0,714144 3 0,703949
832 11,572823 -5,299762 30 0,229949
833 10,977444 -9,885219 15 0,424019
834 11,643663 -9,060458 93 0,410629
835 13,444009 2,481294 50 0,198451
836 14,283061 -2,659465 97 0,794647
837 10,838964 3,164210 35 0,143926
838 17,202919 -2,124732 52 0,195072
839 18,635564 -8,449805 12 0,995333
840 10,000000 -0,105701 15 0,580974
841 10,148690 -6,285460 32 0,374573
842 11,431372 8,704657 7 0,134887
843 10,347602 -8,953010 45 0,507311
844 11,775535 9,243353 26 0,923814
845 13,163315 8,524907 61 0,235033
846 10,159190 -0,303848 4 0,834351
847 15,736309 -0,770623 58 0,813254
848 16,291334 7,143207 23 0,789300
849 17,041712 5,998794 17 0,918702
850 10,000000 -2,396475 38 0,925522
851 10,536825 2,032296 68 0,926975
852 11,994630 7,209925 78 0,556782
853 10,001064 0,114408 17 0,332270
854 10,126383 -8,119982 54 0,681802
855 10,836402 0,171243 12 0,214777
856 13,035550 -6,730398 85 0,089740
857 16,060984 -7,502531 17 0,304531
858 16,645332 1,536025 71 0,853483
859 15,858692 -9,453353 63 0,272303
860 10,000000 6,758528 43 0,027055
861 10,278407 -6,881152 8 0,150153
862 10,098403 -4,798788 92 0,462735
863 10,935646 5,184610 4 0,866574
864 12,740424 -0,057378 26 0,213583
865 12,581984 -1,392127 8 0,114783
866 12,123103 6,021182 5 0,270301
867 11,680478 -6,067793 70 0,015791
868 15,041184 9,822718 89 0,736225
869 17,696593 8,579660 38 0,283498
870 10,000000 9,646369 56 0,751028
871 10,418313 3,212622 69 0,387215
872 10,504886 7,773853 86 0,237323
873 11,889165 -4,986403 11 0,147818
874 12,748945 0,416945 51 0,656116
875 11,834720 -9,362428 89 0,521290
876 15,610286 8,736093 95 0,686785
877 10,427042 5,109554 46 0,174753
878 14,354140 0,509748 63 0,234363
879 12,138479 2,159894 37 0,876740
880 10,000000 6,072716 68 0,050119
881 10,862743 -6,104328 94 0,366705
882 10,314275 2,826832 95 0,492211
883 12,447381 7,403726 78 0,884309
884 11,051532 2,417937 13 0,780935
885 10,809287 6,061100 76 0,139584
886 14,957249 0,242748 3 0,224578
887 11,287040 -7,803360 35 0,503585
888 15,192248 9,767016 59 0,579489
889 18,029433 -3,879081 35 0,559114
890 10,000000 1,899366 0 0,098538
891 10,602465 -7,801860 33 0,714292
892 11,129065 3,970539 58 0,726532
893 12,491419 -1,641772 69 0,476806
894 11,654719 7,890488 82 0,645160
895 14,243596 4,610449 72 0,816806
896 13,130469 8,373302 16 0,653979
897 12,427585 -8,513048 15 0,797115
898 16,697211 -5,801104 69 0,358235
899 10,218744 7,696239 5 0,851535
900 10,000000 0,715430 0 0,427493
901 10,728071 3,283003 97 0,619411
902 10,725596 3,358509 9 0,131222
903 10,133760 -8,672818 44 0,218142
904 11,878737 7,155578 89 0,964584
905 11,681644 5,372849 91 0,451004
906 14,980398 7,174048 56 0,326267
907 12,307624 -8,152318 71 0,137355
908 13,260648 1,387145 55 0,115804
909 15,295635 2,967084 75 0,932872
910 10,000000 6,037784 10 0,874382
911 10,937575 6,648232 17 0,763803
912 11,495595 -2,260160 46 0,013430
913 12,226259 5,789005 6 0,395057
914 12,469434 -4,027291 1 0,888318
915 13,330862 -1,821764 52 0,950860
916 15,014793 -9,230436 31 0,205945
917 11,214685 9,169261 99 0,135048
918 11,962058 -3,523616 39 0,435774
919 16,926719 -6,447846 61 0,169977
920 10,000000 -5,544225 79 0,208746
921 10,397655 -5,160760 12 0,145672
922 11,704782 7,450097 10 0,898732
923 11,544589 8,966269 50 0,289149
924 10,923315 9,501259 49 0,919922
925 13,334618 3,127538 25 0,398949
926 14,596023 5,821336 42 0,935011
927 10,536272 2,084491 47 0,568913
928 13,148446 -6,444079 32 0,379408
929 18,707822 8,002746 23 0,993625
930 10,000000 -3,310865 53 0,582740
931 10,333622 9,296185 34 0,699988
932 11,335667 6,092696 39 0,142221
933 11,454019 -3,143751 37 0,005261
934 13,223178 0,664311 99 0,801208
935 10,924409 -3,089641 53 0,204004
936 15,874873 -4,783563 5 0,940364
937 15,121445 -6,586992 71 0,732222
938 12,872063 0,199994 33 0,438433
939 15,571416 -0,770603 30 0,376997
940 10,000000 9,389551 57 0,718893
941 10,119120 7,215703 64 0,935975
942 10,045138 -9,290016 6 0,644280
943 10,342078 5,030178 74 0,862681
944 13,225546 -7,147428 67 0,741961
945 13,007292 1,455338 18 0,341916
946 12,144341 -4,311658 97 0,417860
947 10,347753 4,946734 79 0,197095
948 14,596109 2,782792 37 0,513595
949 14,338638 -5,586069 52 0,043592
950 10,000000 3,346039 34 0,770516
951 10,826361 -7,040327 76 0,425025
952 10,369310 0,785834 50 0,281763
953 11,592506 2,524227 63 0,969474
954 12,355723 -9,120533 32 0,804329
955 13,982857 7,704426 70 0,418439
956 11,175162 6,407598 93 0,975818
957 12,000652 -3,692918 34 0,392323
958 11,944965 2,728951 40 0,426037
959 10,418519 5,351100 49 0,453824
960 10,000000 -0,321271 93 0,446658
961 10,039640 7,676220 9 0,736124
962 10,964174 3,358122 76 0,934456
963 11,435979 1,809125 30 0,164317
964 11,024802 -9,610423 4 0,762647
965 11,451299 8,947102 59 0,048352
966 14,134363 1,409852 14 0,005021
967 14,375148 4,083385 20 0,268454
968 12,953349 9,406887 59 0,286075
969 17,590653 -6,816437 48 0,324067
970 10,000000 -0,268408 68 0,738673
971 10,600828 -0,444321 26 0,694417
972 10,036078 -9,111818 62 0,085284
973 12,260394 2,282321 1 0,995634
974 11,299204 -0,190095 93 0,206693
975 13,200071 -1,725320 95 0,430264
976 13,005186 -8,832723 96 0,493915
977 14,024132 5,638418 61 0,924623
978 10,286976 -4,353880 11 0,992866
979 15,774513 2,184677 94 0,809656
980 10,000000 1,253577 81 0,925211
981 10,149977 -2,251375 73 0,971887
982 10,064274 -6,985186 33 0,465871
983 10,356654 -8,528399 34 0,021293
984 12,203749 -5,374880 48 0,297258
985 11,477357 9,276933 36 0,983729
986 11,219443 -1,715492 47 0,186521
987 11,787564 -8,594961 62 0,550175
988 10,102652 3,054680 69 0,082226
989 11,513728 -8,304091 70 0,856336
990 10,000000 5,393217 20 0,916437
991 10,419854 -7,554791 85 0,520955
992 10,744010 1,781018 73 0,314213
993 12,775888 -8,412974 57 0,251877
994 13,924170 -0,054636 35 0,019163
995 11,601460 5,890233 80 0,628399
996 11,890773 6,052444 66 0,177760
997 11,137957 5,176552 29 0,796431
998 16,942629 -8,546113 79 0,675422
999 18,448298 0,574559 40 0,476966
